
strategic_region={
	id=102
	name="STRATEGICREGION_102"
	provinces={
		10526 10586 10595 10826 10935 11191 11192 11193 11194 11195 11196 11300 11432 11475 11737 11747 11790 11791 11908 11922 11923 12075 12094 12150 12152 12186 12197 12285 12378 12534 12572 12838 12930 12973 13128 13308 13558 13711 13768 14157 14239 14259 14301 14637 14659 14660 14661 14694 14695 14748 15017 15026 15166 15205 15207 15208 15297 15298 15469 15490 15704 15784 16094 16331 16439 16466 16583 16867 17048 17060 17135 17400 17724 17800 17876 
	}
	weather={
	}
}
