
strategic_region={
	id=105
	name="STRATEGICREGION_105"
	provinces={
		10399 10415 10422 10447 10461 10499 10506 10545 10546 10548 10554 10593 10671 10699 10783 10815 10873 10958 11079 11084 11102 11206 11237 11257 11296 11309 11328 11362 11381 11382 11419 11422 11467 11518 11547 11556 11660 11661 11666 11675 11678 11692 11715 11730 11778 11780 11833 11845 11853 11872 11885 11916 11974 11988 12014 12016 12024 12029 12048 12066 12077 12080 12095 12099 12117 12141 12144 12149 12150 12175 12198 12200 12211 12216 12218 12242 12244 12245 12286 12337 12345 12346 12433 12448 12570 12587 12598 12611 12691 12693 12731 12732 12738 12744 12752 12754 12759 12770 12773 12794 12831 12914 12925 12962 12965 13017 13081 13102 13144 13206 13226 13253 13258 13279 13284 13294 13337 13371 13402 13404 13462 13483 13554 13559 13571 13582 13608 13699 13730 13771 13802 13810 13812 13823 13868 13876 13881 13912 13924 13976 14061 14062 14099 14181 14183 14186 14225 14292 14345 14354 14366 14372 14377 14400 14407 14424 14428 14479 14491 14498 14511 14580 14613 14620 14634 14637 14645 14670 14696 14739 14741 14748 14762 14791 14811 14813 14833 14836 14838 14880 14958 14994 15004 15049 15082 15118 15172 15180 15257 15288 15292 15326 15329 15332 15349 15374 15404 15446 15450 15453 15462 15470 15518 15541 15567 15579 15595 15612 15615 15630 15684 15707 15724 15728 15771 15776 15779 15796 15802 15814 15820 15843 15862 15865 15867 15874 15916 15940 15943 15999 16023 16048 16095 16152 16160 16175 16188 16213 16236 16264 16291 16351 16368 16396 16466 16502 16544 16557 16580 16615 16650 16725 16726 16729 16733 16742 16777 16823 16852 16866 16869 16976 16979 17062 17072 17073 17078 17084 17112 17114 17129 17169 17185 17187 17221 17237 17296 17323 17336 17372 17381 17405 17431 17451 17452 17470 17504 17554 17568 17575 17594 17595 17600 17640 17646 17689 17691 17705 17708 17744 17751 17758 17772 17867 17909 17927 
	}
	weather={
	}
}
