
strategic_region={
	id=107
	name="STRATEGICREGION_107"
	provinces={
		1 2 3 4 5 53 54 55 56 396 397 857 858 859 860 861 862 863 1650 1651 1652 1653 1654 1655 1656 1657 1658 1659 1660 1661 1662 1663 1664 1665 1762 1763 1764 1765 1766 1767 1848 1849 2284 2285 2286 2287 2288 2348 2349 2350 2351 2352 2353 2354 2408 2409 2410 2578 2579 2580 2581 2582 2583 2584 2585 2586 2587 2588 2589 2835 2922 2923 2924 2925 2926 2927 2928 2929 2930 2977 2978 2979 2980 2981 2982 2983 2984 3023 3383 3384 3385 3386 3416 3417 3674 3675 3676 4281 4372 4373 4374 4375 4376 4660 4661 4662 4688 4689 4690 4691 4698 4701 4702 4781 4782 4783 4874 4875 4876 4877 5010 5011 5012 5013 5042 5043 5414 5415 5434 5435 5469 5470 5567 5594 5642 5643 5668 5669 5670 5671 5672 5734 5945 5946 5947 5948 5949 5950 6115 6116 6117 6118 6119 6259 6277 6278 6315 6316 6530 6587 6607 6624 6758 7053 7054 7138 7235 7351 7352 7399 7400 7401 7434 7439 7481 7497 7516 7517 7587 7590 7613 7614 7615 7635 7636 7756 7865 7866 7907 7931 8060 8168 8204 8205 8219 8265 8300 8411 8482 8537 8538 8614 8616 8620 8813 8834 8835 8991 9058 9085 9128 9148 9149 9150 9152 9159 9160 9194 9209 9217 9235 9265 9323 9331 9386 9483 9543 9616 9685 9750 9993 10034 10075 10175 10230 10235 10242 
	}
	weather={
	}
}
