
strategic_region={
	id=108
	name="STRATEGICREGION_108"
	provinces={
		443 444 445 446 447 562 563 564 565 566 567 568 569 570 571 572 654 655 656 657 658 659 660 661 662 664 665 666 667 925 1032 1033 1034 1035 1036 1037 1038 1039 1040 1404 1405 1406 1407 1408 1409 1410 1411 2007 2008 2009 2178 2179 2180 2181 2182 2183 2184 2185 2186 2187 2279 2899 2900 3322 3393 3404 3405 3406 3631 3632 3633 3656 3896 4280 4368 4369 4510 4511 4694 4695 4696 4697 4865 4866 4867 4868 4869 4870 4871 4872 4873 5078 5079 5092 5093 5094 5127 5308 5309 5433 5453 5471 5472 5473 5474 5475 5540 5541 5673 5889 5890 5951 5952 5953 6170 6279 6300 6334 6358 6359 6363 6364 6365 6366 6563 6569 6570 6571 6661 6738 6739 6743 6798 7086 7221 7224 7225 7237 7272 7273 7363 7364 7366 7459 7460 7461 7524 7662 7780 7876 7883 7884 7901 7916 7978 8020 8144 8163 8164 8185 8252 8253 8254 8328 8329 8330 8331 8332 8343 8349 8350 8351 8363 8380 8498 8506 8516 8666 8667 8676 8697 8793 8802 8862 8863 8900 8905 8918 9059 9079 9168 9211 9378 9428 9566 9632 9633 9787 9823 9925 9978 9996 10030 10031 10043 10063 10101 10208 10245 10270 10318 10320 10324 10326 10329 17975 
	}
	weather={
	}
}
