
strategic_region={
	id=11
	name="STRATEGICREGION_11"
	provinces={
		10523 10524 10525 10687 10848 10901 10941 11063 11073 11076 11091 11238 11304 11305 11350 11353 11389 11656 11682 11725 11727 11888 11889 11900 12093 12125 12210 12353 12379 12385 12408 12519 12592 12593 12594 12595 12827 12828 12829 12889 12969 12993 13180 13259 13266 13283 13289 13363 13565 13634 13735 13952 14027 14106 14113 14309 14355 14457 14915 14932 15043 15187 15196 15217 15250 15275 15276 15304 15471 15592 15747 15972 16295 16325 16624 16710 16711 16835 16878 16888 17020 17115 17175 17264 17289 17395 17498 17613 17709 17710 17910 
	}
	weather={
	}
}
