
strategic_region={
	id=111
	name="STRATEGICREGION_111"
	provinces={
		324 325 326 327 328 329 330 331 512 513 514 515 516 517 518 634 635 636 637 638 639 922 923 924 999 1000 1001 1002 1003 1004 1005 1006 1007 1008 1009 1010 1011 1012 1013 1014 1162 1163 1164 1486 1488 1581 1582 1583 1584 1585 1597 1598 2414 2415 2416 2417 2418 2459 2460 2461 2462 2463 2790 2791 2792 2793 2794 2798 3038 3039 3040 3041 3042 3043 3044 3080 3137 3184 3185 3293 3315 3316 3317 3318 3374 3375 3376 3377 3378 3379 3435 3539 3540 3541 3542 3543 3587 3588 3671 3705 4448 4670 4671 4672 4673 4683 4684 4925 4926 5167 5168 5169 5170 5307 5636 5793 5794 5849 6004 6005 6006 6097 6098 6106 6499 6969 6970 7008 7009 7137 7223 7249 7442 7443 7444 7503 7504 7562 7563 7577 7667 7709 7749 7796 7829 7917 7956 8049 8142 8214 8372 8546 8575 8650 8887 8908 8997 8998 9023 9153 9188 9555 9597 9608 9780 9815 10038 10041 10078 17974 
	}
	weather={
	}
}
