
strategic_region={
	id=112
	name="STRATEGICREGION_112"
	provinces={
		6 7 8 9 10 11 12 13 441 442 663 878 879 880 881 882 883 884 885 886 887 921 926 927 934 935 936 937 938 939 940 941 942 943 944 945 946 947 948 949 950 1041 1042 1043 1044 1045 1046 1047 1048 1049 1050 1051 1052 1053 1054 1445 1466 1467 1468 1469 1487 1607 1773 1842 2513 2514 2515 2516 2517 2518 2787 2788 2789 2795 2796 2797 2812 2813 3003 3004 3005 3006 3007 3008 3149 3150 3151 3152 3153 3286 3287 3288 3289 3290 3291 3292 3586 3626 3627 3628 3629 3630 3719 3720 3721 3722 3723 3902 3903 3904 4068 4217 4218 4219 4220 4221 4371 4427 4460 4461 4556 4612 4613 4614 4901 4902 5111 5177 5236 5237 5238 5239 5240 5277 5314 5355 5359 5384 5385 5386 5513 5590 5591 5762 5772 5773 5774 5775 5812 5813 6275 6314 6327 6340 6341 6441 6447 6448 6449 6450 6451 6452 6482 6485 6522 6662 6663 6664 6740 6772 6773 6774 6775 7027 7047 7051 7052 7055 7062 7063 7069 7207 7261 7295 7332 7379 7397 7398 7438 7455 7533 7534 7535 7575 7576 7580 7841 7842 7843 7849 7850 7903 7904 7958 7959 7960 7972 7973 7974 7975 7976 8015 8032 8134 8184 8242 8311 8352 8369 8423 8424 8425 8426 8427 8491 8492 8672 8699 8777 8796 8797 8804 8814 8917 8953 8971 8999 9084 9112 9136 9137 9156 9157 9174 9175 9177 9205 9280 9288 9293 9320 9344 9385 9387 9438 9459 9503 9510 9527 9591 9602 9660 9661 9701 9759 9790 9791 9865 9894 9922 9923 9924 9957 9967 10014 10020 10052 10054 10068 10099 10201 10251 10269 10298 10300 10304 17976 
	}
	weather={
	}
}
