
strategic_region={
	id=114
	name="STRATEGICREGION_114"
	provinces={
		95 96 97 200 201 421 422 423 709 710 711 712 1151 1152 1153 1154 1155 1156 1157 1158 1159 1558 1563 1564 1565 1566 2043 2049 2051 2052 2053 2054 2055 2056 2057 2188 2189 2190 2228 2474 2509 2510 2511 2512 2854 2855 3053 3054 3055 3058 3059 3060 3061 3062 3063 3064 3065 3201 3202 3203 3204 3205 3206 3207 3208 3209 3258 3259 3260 3261 3327 3328 3329 3331 3332 3333 3803 3804 3805 3806 4086 4377 4462 4463 4464 4465 4466 4467 4678 4679 4680 4681 4682 4771 4772 4776 4777 4778 5019 5020 5032 5033 5034 5035 5036 5037 5038 5173 5713 5785 5786 5957 5958 6054 6055 6056 6298 6354 6814 6913 6967 6979 6980 7041 7042 7152 7164 7206 7268 7269 7391 7612 7653 7654 7682 7805 7827 7943 8051 8052 8071 8131 8132 8169 8238 8279 8312 8401 8407 8412 8475 8483 8495 8740 8776 8854 9373 9408 9468 9469 9495 9498 9669 9747 9748 9786 9837 9857 10022 10151 10152 10161 10162 10228 10232 
	}
	weather={
	}
}
