
strategic_region={
	id=117
	name="STRATEGICREGION_117"
	provinces={
		48 49 50 51 52 408 409 410 1180 1181 1182 1571 1572 1573 3199 3283 3284 3285 3593 3836 3837 3838 3839 3965 3966 3967 3968 3969 3970 3971 3972 3973 3974 3975 3976 3977 3978 3979 3980 3981 3982 4148 4149 4295 4297 4302 4303 4735 4736 4737 4747 5062 5303 5304 5305 5519 5520 5613 5614 5764 5765 5766 5770 5771 5991 5992 5994 5995 6113 6114 6323 6324 6490 6508 6509 6510 6581 6799 6952 6985 6986 6987 6988 7097 7098 7250 7322 7340 7341 7697 7698 7808 8050 8072 8114 8115 8155 8241 8294 8295 8296 8357 8454 8466 8467 8468 8565 8576 8707 8708 8739 8742 8744 8826 8901 8902 8936 8937 8938 9064 9078 9096 9207 9347 9348 9394 9472 9496 9567 9596 9665 9682 9687 9718 9766 9800 9864 10026 10069 10106 10107 10108 10178 
	}
	weather={
	}
}
