
strategic_region={
	id=118
	name="STRATEGICREGION_118"
	provinces={
		14 15 16 17 18 19 20 21 22 23 24 25 26 27 28 29 30 31 32 33 34 35 36 37 38 39 40 41 42 43 44 45 46 47 411 1183 3045 3046 3047 3048 3049 3050 3051 3052 3171 3172 3589 3590 3591 3658 3659 3660 3661 3749 3750 3751 3752 3753 3754 3755 3756 3757 3760 3761 3762 3763 4078 4079 4080 4081 4082 4110 4287 4292 4293 4294 4296 4298 4299 4300 4301 4721 4722 4723 4724 4842 4843 4959 4960 4961 4988 4989 4990 4991 4992 5418 5423 5424 5425 5426 6057 6124 6176 6177 6199 6312 6408 6409 6410 6411 6466 6478 6479 6491 6492 6493 6807 6808 6815 6816 6817 7049 7091 7092 7145 7146 7162 7263 7355 7356 7396 7488 7492 7505 7509 7619 7620 7625 7650 7657 7745 7835 7836 7837 7887 7905 7906 7909 7932 7933 8045 8110 8152 8165 8166 8209 8210 8211 8226 8389 8432 8513 8514 8536 8570 8858 8981 9030 9031 9071 9081 9082 9269 9429 9479 9574 9614 9667 9757 9775 9829 9938 9971 10011 10086 10148 10149 10200 10239 
	}
	weather={
	}
}
