
strategic_region={
	id=119
	name="STRATEGICREGION_119"
	provinces={
		88 180 181 182 183 184 185 186 187 188 189 190 191 192 193 194 218 219 220 221 222 223 224 225 226 227 228 413 424 425 426 427 428 429 771 772 773 774 814 815 1149 1150 1277 1278 1284 1395 1559 1560 1561 1562 2154 2155 2156 2157 2158 2159 2162 2229 2412 2491 2492 2829 2830 2831 3104 3105 4272 4273 4274 4378 4379 4828 4829 4830 4831 4832 4833 5119 5120 5144 5362 5363 5364 5421 5422 5477 5478 5556 5573 5574 5575 5576 5577 5578 5719 6157 6260 6261 6442 6635 6951 6984 7183 7330 8094 8095 8113 8233 8322 8337 8338 8566 8583 8584 8757 8781 8794 8837 9125 9126 9144 9277 9278 9372 9433 9541 9584 9705 9782 9919 9940 10001 10006 10158 10210 
	}
	weather={
	}
}
