
strategic_region={
	id=120
	name="STRATEGICREGION_120"
	provinces={
		89 90 91 92 93 94 781 1904 1905 1906 1907 1908 1909 1910 1911 1912 1913 1914 1915 1917 1920 1921 2050 2100 2101 2102 2103 2104 2105 2106 2107 2227 2419 2723 2724 2725 3200 3238 3239 3240 3241 3242 3243 3244 3245 3246 3247 3248 3249 3444 3445 3465 3466 3565 3566 3567 3568 3569 3570 3571 3572 3573 3574 3575 3576 3577 3578 3579 3580 3641 3643 3646 3699 3700 3701 3702 3703 3704 3847 3848 3849 3850 3911 3912 3913 3988 3989 3990 3991 4001 4002 4270 4271 4305 4306 4307 4308 4311 4312 4342 4343 4348 4349 4531 4532 4533 4534 4535 4536 4537 4538 4539 4540 4732 4745 4746 4825 4826 4927 4928 4929 4930 5149 5150 5151 5152 5252 5287 5288 5289 5290 5291 5296 5297 5521 5522 5523 5524 5725 5726 5727 5828 6374 6668 6797 6989 6998 7239 7427 7431 7512 7610 7611 7621 7685 7830 7858 8096 8216 8286 8681 8713 8714 8741 8986 8993 8994 9237 9266 9601 9606 9627 9640 9736 9818 9832 9932 9969 9973 10047 10100 
	}
	weather={
	}
}
