
strategic_region={
	id=121
	name="STRATEGICREGION_121"
	provinces={
		204 205 206 207 208 209 210 211 212 213 214 215 216 217 260 261 262 263 398 399 400 401 402 403 404 405 406 407 932 933 1175 1285 1286 1287 1288 1289 1290 1291 1292 1387 1388 1389 1390 1391 1392 1393 1394 1776 1779 1780 1916 1918 1919 2013 2014 2015 2082 2127 2128 2160 2161 2163 2191 2192 2271 2272 2273 2363 2364 2411 2648 2649 2650 2651 2652 2883 2884 2885 2886 2887 2888 2889 2890 2891 2892 2951 2952 2955 2956 2957 2959 2966 3070 3071 3072 3073 3074 3111 3182 3183 3250 3277 3278 3319 3320 3321 3395 3502 3503 3510 3511 3531 3532 3551 3638 3639 3640 3642 3644 3645 3657 3758 3759 3830 3959 3960 3961 3962 4097 4098 4099 4100 4286 4288 4289 4290 4291 4355 4356 4357 4557 4558 4577 4730 4731 4903 4931 5051 5188 5207 5310 5360 5361 5557 5645 5720 5920 6001 6002 6003 6032 6033 6107 6108 6109 6110 6182 6232 6233 6234 6235 6255 6256 6272 6273 6274 6282 6321 6322 6346 6347 6625 6771 6937 6938 7015 7016 7147 7283 7298 7304 7331 7346 7347 7409 7410 7618 7623 7624 7721 7764 7969 8212 8230 8280 8473 8474 8599 8608 8670 8671 8677 8704 8809 8818 8935 8966 9048 9083 9097 9239 9544 9570 9635 9700 9763 9793 9828 9848 9860 10045 10048 10049 10124 10197 10256 10258 10259 17968 
	}
	weather={
	}
}
