
strategic_region={
	id=141
	name="STRATEGICREGION_141"
	provinces={
		85 86 87 574 629 646 647 648 649 650 797 798 799 800 801 802 807 808 809 810 995 996 997 998 1015 1016 1017 1083 1084 1085 1306 1307 1446 1461 1602 1736 1737 1738 1739 1740 1741 1809 1811 1812 1813 1958 1959 2355 2356 2357 2358 2359 2360 2361 2679 2680 2681 2682 2683 2684 2685 2686 2687 2688 2840 2841 2842 2843 2844 2845 3195 3279 3280 3537 3538 3597 3615 3616 3807 3949 3950 4016 4036 4037 4038 4112 4313 4314 4339 4352 4353 4410 4530 4580 4692 4693 4792 4793 4852 4853 4932 5050 5155 5189 5208 5209 5210 5211 5212 5213 5214 5215 5216 5217 5218 5219 5387 5463 5464 5568 5600 5601 5814 5815 5816 5817 5818 5853 5854 5855 5918 5919 5923 6089 6195 6196 6197 6198 6258 6505 6506 6507 6592 6655 6681 6849 6850 6851 6866 7131 7132 7315 7321 7390 7421 7432 7501 7553 7609 7809 7890 7891 7964 8116 8203 8443 8481 8682 8982 8983 9021 9191 9210 9224 9264 9337 9349 9560 9612 9615 9690 9761 9764 9845 9847 9880 9884 9953 10071 10076 17973 
	}
	weather={
	}
}
