
strategic_region={
	id=142
	name="STRATEGICREGION_142"
	provinces={
		420 713 714 715 716 717 718 719 720 721 722 723 724 725 726 727 728 729 730 777 986 987 988 989 990 991 992 993 994 1293 1294 1295 1296 1297 1298 1299 1300 1301 1302 1303 1304 1305 2094 2095 2096 2097 2098 2099 2237 2255 2256 2257 2258 2259 2260 2274 2275 2276 2277 2362 2973 2974 2975 3545 3546 3595 3596 3710 4111 4114 4115 4116 4139 4140 4596 4628 4717 4718 4719 4720 4780 4819 4820 4907 4908 4909 5048 5225 5226 5227 5267 5268 5580 5732 5733 5758 5835 5836 5843 5844 5974 6034 6396 6601 6602 6603 6604 6605 6606 6667 6724 7226 7387 7507 7699 7700 7915 7957 8048 8063 8103 8154 8273 8305 8306 8490 8540 8803 8990 9263 9274 9519 9590 9797 9816 9826 9875 9886 9887 9910 9911 9913 9933 10113 10117 10295 10297 
	}
	weather={
	}
}
