
strategic_region={
	id=145
	name="STRATEGICREGION_145"
	provinces={
		229 230 231 232 233 234 452 453 454 455 456 457 458 459 460 461 462 463 464 465 466 467 468 552 553 554 555 556 557 558 559 560 561 1114 1115 1116 1230 1231 1232 1248 1249 1250 1251 1256 1730 1731 1732 1733 1734 1735 1841 1970 1972 1977 1978 1979 1980 2233 2382 2383 2384 2385 2386 2387 2388 2389 2390 2391 2392 2393 2394 2395 2396 2747 2748 2749 2750 2751 2758 2759 2817 2818 2819 2820 2821 2822 2823 2824 2825 2826 2827 2828 2875 2876 3081 3441 3442 3443 3552 4268 4269 4362 4428 4429 4430 4431 4432 4433 4434 4435 4579 5099 5100 5388 5389 5390 5391 5392 5393 5508 5509 5729 5791 5792 5954 5955 5997 6095 6096 6102 6103 6104 6105 6318 6319 6516 6517 6620 6652 6653 6685 6693 6694 6695 6696 6725 6726 6727 6865 6881 7109 7115 7306 7307 7404 7405 7406 7415 7440 7441 7694 7723 7724 7725 7819 7859 7860 7861 7862 7863 7864 7980 7981 8037 8038 8073 8074 8147 8236 8313 8416 8528 8587 8602 8603 8606 8609 8948 8960 9068 9289 9311 9313 9317 9416 9417 9502 9526 9594 9664 9691 9801 9811 9915 10046 10083 10188 10198 10234 
	}
	weather={
	}
}
