
strategic_region={
	id=147
	name="STRATEGICREGION_147"
	provinces={
		123 286 469 487 488 489 490 491 492 493 494 864 865 866 956 957 958 959 960 1233 1234 1235 1236 1274 1275 1276 1957 1960 1961 1962 1963 1964 1965 1966 2044 2045 2046 2047 2048 2058 2059 2060 2061 2062 2063 2064 2065 2066 2427 2428 2429 2962 2967 2968 2969 3010 3011 3012 3013 3014 3106 3129 3347 3440 3612 3613 3614 3685 3816 3939 3940 3941 3942 3943 4133 4169 4193 4194 4195 4214 4215 4216 4304 4309 4319 4320 4404 4406 4407 4603 4770 5154 5343 5344 5537 5538 5539 5589 5607 5716 5717 5718 5829 5847 6031 6092 6129 6131 6132 6243 6276 6356 6518 6519 6520 6576 6600 6794 6795 6796 6968 7050 7309 7369 7386 7479 7480 7538 7552 7633 7953 7962 8187 8190 8192 8207 8318 8321 8377 8378 8534 8539 8552 8577 8578 8880 9167 9232 9253 9254 9359 9454 9528 9547 9689 9706 9873 9890 9920 9934 9955 10192 17977 17978 
	}
	weather={
	}
}
