
strategic_region={
	id=148
	name="STRATEGICREGION_148"
	provinces={
		235 236 237 238 239 240 241 242 243 244 245 246 247 248 249 250 551 820 821 1493 1971 1973 1974 1975 1976 1981 2614 2615 2616 2617 2618 2619 2620 2621 2637 2638 2639 2640 2641 2642 2752 2753 2868 2869 2870 2871 2872 2873 2874 2897 3098 3099 3100 3122 3123 3124 3125 3126 3127 4360 4361 4424 4438 4578 5283 5286 5346 5347 5348 5349 5350 5351 5352 5353 5354 5408 5510 5647 5648 5695 5696 5907 5908 5964 6150 6151 6152 6247 6248 6249 6250 6251 6252 6253 6342 6343 6344 6345 6375 6557 6591 6672 6673 6674 6676 6677 6716 6858 6892 6893 7000 7093 7125 7126 7327 7428 7648 7788 7789 8028 8297 8319 8320 8382 8403 8507 8508 8509 8524 8674 8719 8760 8778 8779 8876 9012 9017 9018 9019 9020 9024 9033 9051 9052 9056 9057 9069 9089 9117 9120 9171 9330 9356 9393 9460 9465 9466 9524 9525 9561 9670 9671 9703 9704 9739 9768 9769 9814 9851 9906 9907 9909 9959 9965 9972 9998 9999 10003 10012 10042 10073 10213 10225 10246 
	}
	weather={
	}
}
