
strategic_region={
	id=157
	name="STRATEGICREGION_157"
	provinces={
		265 266 267 268 352 390 391 392 393 394 395 630 631 632 633 653 920 1021 1079 1082 1194 1195 1196 1323 1324 1325 1326 1431 1432 1433 1474 1475 1476 1510 1557 1580 1675 1676 1677 1678 1679 1680 1681 1695 1699 1728 1729 1742 1743 1744 1745 1746 1747 1755 1756 1757 1839 1840 1877 1878 1967 1968 1969 2004 2168 2169 2238 2239 2253 2254 2313 2314 2315 2475 2622 2623 2624 2727 2777 2804 2805 2877 2878 2879 2880 2881 2882 2898 2917 2918 2919 2976 3075 3076 3077 3078 3138 3196 3197 3198 3397 3398 3399 3400 3401 3474 3488 3544 3654 3655 3662 3663 3664 3665 3666 3667 3678 3679 3680 3681 3682 3724 3841 3842 3843 3844 3845 3846 3948 3994 3995 3996 4017 4018 4035 4062 4063 4096 4200 4201 4222 4237 4238 4240 4241 4242 4250 4251 4252 4253 4254 4255 4256 4257 4258 4259 4260 4261 4354 4395 4447 4515 4516 4517 4518 4519 4520 4521 4554 4559 4560 4561 4562 4563 4647 4648 4713 4714 4715 4716 4784 4785 4786 4787 4815 4816 4817 4818 4854 4955 5097 5098 5113 5160 5161 5328 5416 5417 5419 5427 5428 5452 5480 5481 5482 5561 5562 5622 5689 5690 5730 5743 5750 5751 5790 5877 5878 5892 5893 5894 5924 5925 5969 5981 6036 6052 6059 6080 6081 6134 6301 6331 6376 6377 6394 6395 6486 6487 6498 6630 6717 6788 6844 6870 6896 6897 6898 6899 6929 6994 6995 6996 7034 7066 7242 7251 7266 7373 7468 7548 7572 7582 7603 7622 7647 7683 7722 7726 7728 7746 7813 8027 8079 8080 8084 8170 8195 8218 8225 8317 8362 8379 8393 8541 8619 8632 8702 8733 8755 8798 8864 8934 8954 8972 9011 9070 9105 9109 9141 9142 9164 9192 9220 9221 9279 9326 9413 9437 9518 9548 9589 9599 9648 9737 9758 10105 10138 10263 10341 10342 10343 10344 10345 10349 10350 10351 10352 10361 10362 10363 10364 10365 10366 
	}
	weather={
	}
}
