
strategic_region={
	id=160
	name="STRATEGICREGION_160"
	provinces={
		107 702 703 704 705 743 744 745 746 747 748 749 750 751 752 753 754 755 867 868 872 873 915 916 917 1315 1316 1317 1318 1319 1462 1463 1464 1465 1477 1494 1495 1496 1497 1498 1499 1500 1501 1502 1503 1504 1505 1506 1507 1508 1509 1548 1549 1550 1553 1554 1555 1556 1682 1683 1684 1814 1815 1816 1817 1818 1819 1940 1941 1942 1943 1944 1945 1946 1947 2022 2025 2026 2027 2240 2241 2282 2283 2660 2661 2662 2663 2664 2665 2666 2667 2668 2689 2690 2691 2692 2859 2860 3009 3228 3263 3264 3265 3273 3274 3275 3276 3391 3392 3557 3558 3559 3560 3561 3562 3563 3564 3937 4117 4118 4119 4120 4202 4203 4204 4205 4206 4207 4208 4209 4210 4211 4212 4213 4652 4711 4712 5027 5028 5067 5121 5122 5123 5124 5201 5202 5292 5370 5371 5394 5395 5413 5496 5693 5694 5866 5867 5902 5903 5909 5910 5911 5912 5913 5926 6074 6075 6076 6077 6078 6079 6149 6158 6175 6236 6257 6297 6378 6436 6437 6454 6455 6456 6457 6687 6688 6689 6690 6733 6746 6790 6818 6931 7035 7036 7084 7085 7128 7129 7342 7343 7658 7806 7811 7902 7910 8107 8178 8186 8217 8419 8422 8470 8488 8553 8554 8555 8626 8730 8743 8784 8832 8872 8873 8874 8894 8895 8896 8949 8965 8979 8980 9003 9005 9006 9044 9146 9341 9604 9605 9641 9742 9755 9762 9765 9805 9812 9850 9901 9988 10000 10005 10139 10146 10265 
	}
	weather={
	}
}
