
strategic_region={
	id=161
	name="STRATEGICREGION_161"
	provinces={
		697 698 699 701 782 783 784 785 786 787 788 789 790 791 792 796 1160 1520 1522 1523 1524 1525 1526 1527 1528 1529 1530 1531 1532 1533 1534 1576 1577 1578 1579 1902 2935 2938 2939 2940 2941 2942 2943 2944 2945 2946 2947 3036 3101 3102 3103 3348 3349 3350 3351 3352 3471 3472 3672 3673 3798 3800 3801 4262 4263 4425 4426 4541 4544 4545 4546 4547 4590 4591 5112 5187 5245 5250 5456 5779 5858 5975 5976 5977 6007 6085 6380 6399 6400 6401 6402 6462 6463 6464 6465 6626 6637 6762 6781 6854 6855 6949 6955 6956 6957 7103 7372 7496 7523 7696 7831 7895 8005 8061 8062 8371 8395 8414 8557 8612 8651 8787 8866 9060 9062 9134 9151 9310 9442 9443 9444 9476 9499 9772 9773 9854 9944 9945 9946 10205 10253 
	}
	weather={
	}
}
