
strategic_region={
	id=162
	name="STRATEGICREGION_162"
	provinces={
		1120 1121 1122 1123 1124 1339 1340 1341 1342 1343 1344 1345 1346 1447 1448 1449 1450 1451 1452 1453 1454 2832 2833 2834 3475 3476 3477 3478 3479 3480 3481 3482 3483 3484 3485 3486 3487 4128 4129 4130 4131 4490 4794 4795 4796 4797 4798 4856 4857 4858 4859 4860 4861 4862 4975 5273 5274 5311 5312 5313 5604 5605 5610 5633 5634 5635 6025 6026 6027 6028 6029 6544 6545 6546 6547 6548 6549 6550 6551 6572 6580 6598 6599 6935 7001 7276 7359 7360 7361 7407 7601 7757 7919 7988 8029 8030 8444 8445 8734 8735 8817 8898 8899 8957 8958 8959 9104 9169 9198 9270 9319 9505 9542 9654 9693 9771 9819 9855 9891 9892 10057 10153 10223 10243 10244 10347 10353 10354 10355 10356 10357 10358 10359 10360 
	}
	weather={
	}
}
