
strategic_region={
	id=163
	name="STRATEGICREGION_163"
	provinces={
		57 58 59 60 61 62 63 64 65 66 67 68 69 70 71 72 73 74 75 76 77 78 79 80 81 82 83 84 255 256 269 270 271 272 273 274 275 276 277 278 279 280 281 282 283 284 285 669 670 671 672 673 674 675 676 677 678 680 681 682 683 684 685 686 687 688 689 690 691 692 693 694 695 696 700 793 794 795 832 833 834 1186 1187 1188 1189 1190 1191 1192 1748 1749 1873 1874 1875 1876 2199 2200 2201 2202 2203 2204 2397 2398 2399 2400 2401 2402 2403 2404 2405 2406 2407 2625 2626 2761 2762 2763 2764 2765 2766 2767 2768 2769 2770 2771 2772 2773 2774 2775 2903 2904 2905 3029 3030 3031 3144 3145 3146 3147 3402 3403 3585 3764 3765 3766 3767 3799 3936 3938 3953 3954 3955 3956 3957 3958 4026 4027 4028 4029 4030 4031 4032 4033 4034 4141 4142 4143 4144 4329 4330 4331 4332 4333 4334 4335 4363 4364 4365 4366 4367 4396 4397 4398 4399 4400 4401 4402 4403 4408 4409 4493 4494 4495 4499 4500 4501 4502 4503 4504 4598 4993 4994 4995 4996 4997 4998 4999 5006 5059 5060 5061 5091 5107 5134 5145 5146 5147 5148 5206 5234 5248 5249 5278 5306 5365 5372 5373 5374 5375 5407 5454 5455 5483 5484 5485 5486 5487 5488 5489 5491 5511 5644 5665 5666 5700 5708 5709 5710 5837 5962 5963 5967 5968 6067 6100 6101 6178 6208 6211 6212 6213 6214 6215 6221 6222 6335 6379 6403 6404 6418 6419 6420 6483 6484 6511 6512 6513 6531 6577 6578 6579 6656 6742 6782 6783 6784 6785 6786 6792 6793 6826 6827 6828 6829 6830 6864 6873 6874 6875 6876 6879 6894 6914 6953 6954 6961 7037 7038 7056 7057 7064 7065 7070 7071 7072 7089 7090 7112 7113 7114 7166 7167 7170 7171 7172 7181 7222 7248 7257 7284 7285 7324 7325 7326 7370 7425 7435 7436 7437 7491 7508 7518 7525 7530 7539 7559 7560 7649 7652 7691 7692 7803 7804 7815 7816 7867 7875 7878 7924 7930 7949 7961 7990 7991 7992 8069 8070 8089 8100 8111 8112 8176 8177 8188 8189 8196 8197 8223 8224 8263 8264 8298 8299 8341 8388 8398 8399 8413 8415 8437 8438 8439 8440 8441 8442 8458 8459 8523 8527 8532 8568 8569 8591 8592 8593 8594 8605 8613 8643 8661 8688 8731 8745 8782 8785 8786 8795 8815 8816 8843 8844 8845 8846 8847 8879 8892 8893 8923 8950 8951 8952 8975 8976 8977 8985 9074 9094 9095 9099 9124 9202 9203 9204 9208 9238 9245 9246 9248 9249 9252 9271 9305 9306 9315 9316 9327 9336 9352 9390 9396 9397 9423 9424 9462 9481 9488 9507 9508 9516 9517 9568 9569 9573 9585 9642 9657 9662 9676 9722 9735 9830 9831 9866 9870 9881 9897 9921 9952 9987 10007 10009 10018 10036 10091 10093 10123 10155 10206 10207 10211 10216 10217 10218 10222 10226 10240 10264 10271 
	}
	weather={
	}
}
