
strategic_region={
	id=164
	name="STRATEGICREGION_164"
	provinces={
		251 252 253 254 312 313 679 822 823 824 825 826 827 828 829 830 831 1184 1185 1268 1269 1270 1271 1272 1273 1455 1456 1457 1458 1459 1460 1511 1512 1513 1514 1516 1517 1518 1519 1521 1574 1575 1599 1600 1601 1854 1855 1856 1857 1858 1859 1860 1861 1862 1863 1864 1865 1866 1867 1868 1881 1882 1883 1884 1885 1886 1887 1888 1889 1890 1891 1892 1893 1894 1895 1896 1897 1898 1899 1900 1901 1903 2108 2109 2110 2111 2112 2113 2114 2115 2373 2374 2375 2376 2377 2378 2379 2443 2482 2483 2484 2485 2486 2487 2488 2489 2490 2519 2520 2521 2522 2523 2524 2525 2526 2527 2528 2529 2530 2531 2532 2533 2534 2593 2594 2799 2800 2808 2809 2810 2811 3091 3148 3334 3335 3336 3353 3354 3355 3512 3513 3516 3517 3518 3519 3520 3521 3522 3523 3598 3599 3600 3601 3602 3603 3604 3605 3606 3607 3647 3648 3649 3650 3828 3829 3895 3914 3915 4083 4084 4085 4121 4122 4152 4153 4154 4155 4156 4157 4158 4159 4160 4161 4162 4163 4282 4283 4326 4327 4328 4480 4481 4482 4483 4484 4485 4486 4487 4488 4489 4529 4592 4593 4594 4595 4725 4726 4727 4728 4729 4878 4879 4886 4887 4888 4889 4890 4891 4892 4893 4894 4895 4896 4897 4910 4911 4912 4971 4972 4973 5014 5015 5016 5017 5018 5021 5105 5106 5126 5135 5136 5137 5138 5190 5191 5192 5193 5194 5340 5376 5377 5383 5542 5543 5544 5545 5546 5547 5548 5549 5550 5551 5581 5582 5583 5592 5593 5681 5682 5683 5684 5685 5686 5687 5688 5728 5767 5895 5896 5897 5898 5899 5900 5901 5921 5922 5998 6039 6040 6216 6217 6241 6263 6264 6265 6266 6337 6338 6339 6385 6386 6388 6389 6390 6438 6532 6559 6647 6648 6649 6650 6657 6658 6800 6809 6810 6811 6877 6878 6915 6916 6946 6947 6962 6963 6964 7010 7011 7013 7014 7043 7190 7191 7192 7198 7199 7218 7219 7238 7286 7311 7312 7313 7314 7344 7345 7350 7374 7382 7383 7462 7466 7489 7532 7555 7581 7589 7639 7640 7641 7642 7643 7644 7676 7695 7718 7719 7784 7785 7786 7787 7833 7848 7874 7947 7948 7996 7997 8046 8053 8054 8055 8076 8077 8078 8086 8087 8088 8091 8124 8127 8128 8136 8137 8162 8198 8199 8200 8244 8267 8268 8269 8270 8274 8283 8291 8304 8374 8390 8394 8433 8451 8452 8471 8499 8545 8548 8549 8550 8567 8588 8598 8617 8633 8642 8644 8700 8701 8756 8764 8765 8768 8769 8772 8773 8774 8783 8800 8801 8819 8838 8848 8945 8969 9014 9015 9035 9036 9046 9049 9050 9101 9121 9143 9182 9189 9196 9206 9225 9226 9268 9301 9318 9322 9382 9410 9411 9447 9452 9475 9477 9478 9506 9509 9513 9549 9571 9579 9580 9625 9626 9628 9643 9651 9688 9699 9751 9777 9779 9796 9809 9810 9827 9883 9888 9889 9931 9939 9966 9968 9981 10013 10024 10104 10112 10118 10126 10127 10128 10133 10136 10167 10173 10182 10191 10214 10220 10227 10233 10236 10249 
	}
	weather={
	}
}
