
strategic_region={
	id=165
	name="STRATEGICREGION_165"
	provinces={
		264 314 323 511 575 576 577 578 579 580 581 582 583 584 585 593 594 640 643 855 856 1096 1347 1396 1397 1398 1399 1400 1401 1402 1403 1612 1613 1614 1624 1628 1629 1845 1846 1939 2079 2080 2335 2336 2337 2338 2339 2340 2341 2342 2343 2344 2345 2346 2347 2413 2536 2537 2538 2539 2540 2592 2697 2838 2931 3015 3016 3017 3018 3019 3020 3021 3022 3337 3338 3372 3373 3592 3788 3789 3790 3791 3792 3793 3794 3795 3796 3835 3905 3906 3907 3910 4132 4147 4150 4151 4164 4239 4284 4358 4359 4453 4473 4597 4645 4663 4664 4734 5063 5064 5065 5066 5131 5153 5497 5641 5664 5691 5697 5699 5993 6044 6045 6046 6047 6048 6049 6073 6099 6416 6500 6501 6627 6759 6825 7012 7059 7208 7233 7255 7299 7317 7368 7430 7674 7807 7820 7821 7845 7934 8156 8496 8623 8646 8770 8823 8869 8970 9333 9340 9427 9448 9455 9504 9554 9668 9896 10025 10196 10221 10247 10277 
	}
	weather={
	}
}
