
strategic_region={
	id=166
	name="STRATEGICREGION_166"
	provinces={
		767 768 769 770 853 854 890 891 892 931 968 969 970 971 972 1148 1165 1166 1167 1168 1169 1170 1171 1172 1173 1174 1176 1177 1178 1179 1197 1198 1199 1310 1311 1312 1313 1314 1568 1569 1570 1591 1625 1626 1627 1630 1631 1632 1690 1691 1692 1693 1694 1727 1777 1778 1843 1844 1847 1922 1923 1924 1925 2074 2075 2076 2077 2078 2081 2083 2084 2085 2086 2087 2088 2089 2090 2091 2092 2093 2535 2590 2591 2722 2726 2760 2839 2953 2954 2958 2960 2961 3056 3057 3079 3094 3095 3096 3097 3107 3108 3109 3110 3163 3219 3229 3230 3231 3232 3233 3251 3252 3253 3254 3255 3256 3257 3396 3489 3490 3547 3677 3727 3827 3863 3963 3964 4003 4004 4005 4170 4171 4172 4173 4174 4175 4176 4267 4310 4469 4470 4471 4604 4634 4733 4748 4749 4750 4751 4752 4773 4774 4775 4790 4821 4844 5128 5129 5367 5468 5517 5518 5525 5526 5527 5528 5529 5555 5596 5598 5599 5608 5609 5662 5663 5698 5731 5787 5851 5891 6053 6130 6159 6280 6328 6329 6330 6496 6521 6651 6682 6703 6791 7025 7095 7194 7270 7271 7362 7371 7381 7502 7531 7540 7677 7678 7706 7707 7708 7762 7763 7794 7832 7877 7946 8040 8075 8090 8119 8430 8465 8472 8563 8564 8573 8647 8749 8828 8906 8916 9029 9061 9063 9130 9358 9482 9493 9501 9562 9666 9863 9947 9958 10010 10275 10278 10279 10280 10281 10282 10283 17962 17963 17964 17965 17966 17967 
	}
	weather={
	}
}
