
strategic_region={
	id=168
	name="STRATEGICREGION_168"
	provinces={
		10373 10419 10431 10448 10449 10452 10470 10501 10503 10519 10564 10607 10618 10635 10654 10675 10690 10700 10742 10782 10825 10871 10879 10891 10934 10936 10956 10969 11061 11134 11186 11208 11278 11291 11327 11330 11368 11411 11418 11455 11516 11562 11576 11590 11594 11596 11597 11615 11619 11653 11777 11812 11826 11830 11837 11890 11899 11901 11942 11946 11950 11960 12013 12034 12062 12120 12136 12155 12208 12240 12284 12298 12314 12343 12395 12460 12493 12529 12544 12578 12582 12632 12635 12705 12730 12765 12777 12823 12842 12847 12868 12887 12978 12989 12997 12998 13012 13039 13067 13077 13082 13118 13139 13147 13176 13217 13221 13261 13296 13326 13332 13366 13376 13379 13408 13426 13433 13464 13489 13503 13533 13541 13547 13573 13588 13610 13636 13666 13677 13679 13761 13763 13764 13820 13835 13845 13865 13894 13905 13958 13990 13998 14001 14007 14037 14045 14052 14075 14096 14104 14132 14137 14166 14195 14212 14228 14256 14257 14276 14318 14327 14331 14334 14342 14352 14363 14390 14391 14406 14421 14434 14440 14447 14459 14477 14527 14533 14546 14567 14589 14597 14679 14707 14750 14770 14802 14804 14845 14852 14874 14918 14924 14937 14955 14961 14962 14977 15002 15055 15063 15089 15124 15160 15163 15164 15176 15179 15181 15193 15218 15231 15308 15316 15339 15418 15426 15429 15456 15505 15507 15557 15564 15637 15638 15649 15712 15756 15833 15841 15857 15859 15866 15888 15894 15896 15911 15914 15927 15948 15970 16050 16142 16182 16189 16198 16237 16240 16258 16260 16265 16275 16300 16302 16308 16315 16328 16336 16355 16361 16392 16400 16411 16416 16431 16452 16468 16500 16553 16559 16588 16599 16611 16648 16680 16686 16700 16740 16783 16791 16824 16830 16894 16898 16900 16925 16980 16981 16985 16993 17005 17014 17035 17092 17094 17098 17107 17110 17122 17140 17171 17214 17244 17270 17282 17362 17369 17370 17383 17384 17435 17443 17448 17464 17499 17500 17513 17524 17550 17563 17582 17592 17599 17620 17621 17626 17634 17652 17668 17677 17679 17704 17729 17765 17795 17796 17807 17818 17821 17822 17831 17838 17887 
	}
	weather={
	}
}
