
strategic_region={
	id=169
	name="STRATEGICREGION_169"
	provinces={
		10455 10465 10494 10575 10583 10590 10599 10629 10652 10677 10689 10716 10767 10789 10792 10811 10906 10923 11018 11026 11044 11072 11088 11098 11104 11117 11149 11198 11207 11234 11253 11258 11275 11276 11277 11280 11314 11324 11342 11363 11366 11383 11392 11436 11443 11472 11473 11478 11487 11493 11500 11537 11543 11550 11554 11697 11698 11719 11728 11746 11758 11764 11875 11895 11965 11997 12004 12017 12074 12083 12083 12085 12091 12106 12110 12162 12235 12237 12249 12305 12311 12319 12326 12334 12363 12382 12412 12427 12443 12507 12547 12553 12604 12613 12615 12627 12646 12683 12695 12703 12712 12718 12721 12737 12830 12865 12939 12981 13001 13010 13025 13040 13053 13159 13255 13267 13269 13272 13307 13353 13382 13401 13419 13425 13428 13476 13484 13512 13535 13594 13600 13648 13662 13665 13676 13683 13702 13748 13779 13809 13818 13836 13838 13850 13858 13880 13902 13903 13909 13911 13923 13943 13944 13987 14023 14033 14048 14066 14073 14103 14117 14124 14130 14150 14171 14193 14197 14201 14209 14213 14214 14247 14278 14295 14297 14304 14306 14324 14396 14465 14526 14538 14559 14566 14568 14583 14605 14654 14719 14721 14724 14734 14751 14771 14777 14855 14861 14876 14913 14936 14939 14941 14990 15000 15060 15113 15117 15146 15189 15202 15241 15252 15309 15319 15325 15422 15423 15441 15442 15479 15486 15498 15523 15529 15555 15706 15758 15767 15780 15791 15831 15863 15864 15891 15900 15953 15975 15997 15998 16002 16035 16047 16051 16068 16108 16109 16119 16121 16124 16125 16126 16180 16181 16206 16209 16224 16251 16261 16299 16347 16360 16369 16372 16402 16430 16456 16476 16510 16513 16581 16586 16598 16603 16612 16613 16614 16620 16640 16644 16653 16657 16664 16754 16779 16839 16876 16884 16986 16987 16989 17003 17006 17024 17039 17046 17090 17144 17181 17275 17284 17330 17347 17406 17412 17415 17447 17457 17509 17526 17527 17539 17548 17569 17608 17612 17660 17666 17686 17711 17734 17788 17802 17849 17852 17860 17880 17888 17894 17915 
	}
	weather={
	}
}
