
strategic_region={
	id=170
	name="STRATEGICREGION_170"
	provinces={
		10394 10410 10425 10437 10482 10500 10505 10516 10537 10549 10602 10637 10639 10668 10711 10721 10737 10740 10764 10772 10780 10781 10786 10787 10788 10795 10796 10845 10909 10925 10930 10960 10961 10987 11029 11031 11071 11081 11090 11100 11111 11114 11122 11161 11165 11200 11205 11230 11242 11243 11282 11313 11429 11447 11479 11491 11504 11507 11512 11513 11539 11541 11545 11555 11583 11592 11618 11629 11636 11637 11641 11657 11690 11700 11701 11726 11750 11759 11767 11828 11831 11832 11846 11871 11881 11887 11944 11951 11966 12001 12007 12026 12043 12067 12071 12082 12096 12103 12107 12161 12239 12264 12267 12273 12277 12287 12301 12302 12303 12307 12335 12359 12360 12392 12416 12428 12430 12442 12446 12449 12482 12499 12520 12545 12563 12566 12576 12583 12601 12603 12650 12667 12672 12709 12711 12715 12722 12729 12769 12796 12867 12869 12872 12878 12911 12917 12926 12931 12940 12979 12994 13036 13064 13074 13075 13086 13114 13132 13161 13177 13186 13195 13196 13214 13234 13273 13292 13311 13328 13347 13351 13374 13397 13449 13461 13479 13480 13505 13522 13555 13570 13575 13586 13602 13641 13667 13675 13691 13745 13786 13815 13871 13877 13898 13929 13953 13957 13965 13969 13970 14003 14005 14036 14055 14070 14071 14072 14077 14082 14109 14184 14199 14218 14219 14229 14294 14307 14351 14361 14367 14395 14443 14449 14451 14534 14545 14556 14560 14586 14588 14611 14621 14624 14629 14663 14683 14684 14690 14710 14711 14717 14826 14844 14848 14853 14873 14885 14898 14899 14914 14935 14947 14971 14995 14998 15014 15025 15042 15054 15061 15091 15093 15101 15128 15139 15155 15186 15188 15230 15232 15280 15293 15310 15317 15328 15342 15368 15370 15400 15425 15436 15503 15517 15550 15552 15562 15575 15583 15648 15721 15723 15732 15751 15763 15773 15774 15788 15821 15869 15899 15905 15918 15924 15928 15946 15960 15967 15981 15988 16006 16037 16049 16057 16073 16085 16090 16100 16143 16171 16203 16212 16223 16254 16266 16307 16310 16319 16323 16341 16367 16373 16376 16381 16403 16409 16425 16436 16448 16477 16482 16488 16508 16521 16524 16532 16543 16554 16558 16565 16567 16602 16623 16637 16638 16641 16643 16666 16695 16715 16731 16761 16765 16780 16787 16792 16847 16853 16865 16904 16909 16923 16929 16937 16939 16942 16957 16972 16978 16992 16995 16996 17011 17042 17055 17061 17134 17160 17163 17170 17172 17176 17195 17198 17216 17254 17266 17268 17310 17346 17352 17353 17359 17360 17394 17398 17402 17420 17428 17455 17465 17468 17478 17519 17522 17525 17602 17658 17692 17714 17720 17735 17738 17757 17764 17850 17870 17872 17923 
	}
	weather={
	}
}
