
strategic_region={
	id=171
	name="STRATEGICREGION_171"
	provinces={
		10403 10404 10483 10603 10769 10776 10833 10834 10869 10916 11015 11112 11185 11231 11232 11357 11369 11449 11508 11573 11840 12009 12010 12154 12350 12364 12365 12734 12857 12908 12912 12920 12946 13000 13264 13312 13413 13519 13561 14011 14087 14362 14408 14411 14610 14745 14946 15067 15363 15533 15554 15589 15621 15717 15726 15807 16234 16397 16471 16501 16727 16956 17063 17100 17154 17277 17371 17515 17572 17703 17721 17732 17776 17856 
	}
	weather={
	}
}
