
strategic_region={
	id=172
	name="STRATEGICREGION_172"
	provinces={
		10442 10582 10880 10888 10957 11174 11437 11515 11520 11572 11598 11879 11893 11954 12073 12165 12199 12332 12362 12371 12435 12485 12577 12772 12814 12815 12843 12844 12845 12949 12980 13097 13103 13392 13537 13577 13612 13643 13892 13920 13951 13975 14004 14275 14293 14328 14448 14504 14506 14516 14834 14868 14959 15013 15038 15048 15056 15239 15376 15688 15692 15730 15744 15745 15752 15765 15800 15824 16007 16020 16061 16062 16106 16127 16204 16380 16382 16386 16481 16548 16551 16688 16789 16810 17023 17086 17159 17311 17459 17486 17494 17547 17644 17787 17806 17941 
	}
	weather={
	}
}
