
strategic_region={
	id=175
	name="STRATEGICREGION_175"
	provinces={
		10430 10440 10458 10530 10553 10557 10570 10647 10683 10693 10702 10715 10717 10728 10735 10905 10944 10951 11033 11051 11123 11128 11129 11181 11187 11213 11269 11312 11340 11384 11390 11434 11435 11502 11533 11603 11609 11630 11634 11639 11687 11788 11843 11849 11907 11941 11949 11991 11995 12064 12069 12126 12140 12166 12250 12255 12262 12321 12348 12407 12432 12438 12488 12550 12586 12591 12623 12638 12664 12673 12701 12708 12710 12724 12736 12767 12779 12804 12816 12854 12883 12951 12975 12976 12987 13002 13035 13094 13115 13167 13233 13254 13339 13384 13395 13495 13498 13510 13562 13563 13580 13583 13599 13609 13611 13619 13624 13629 13649 13695 13719 13749 13760 13839 13883 13885 13934 13977 13979 14054 14058 14138 14146 14182 14188 14189 14232 14255 14312 14313 14337 14383 14398 14430 14432 14445 14455 14482 14487 14513 14555 14558 14570 14572 14578 14582 14584 14604 14615 14631 14632 14633 14666 14720 14735 14746 14763 14765 14779 14803 14850 14863 14878 14903 14910 14921 14934 14956 14997 15070 15083 15090 15097 15104 15110 15126 15133 15175 15240 15287 15305 15354 15364 15367 15373 15379 15396 15428 15463 15500 15512 15513 15514 15544 15547 15551 15577 15623 15628 15644 15677 15683 15694 15715 15740 15757 15782 15816 15818 15884 15889 15897 15904 15917 15929 15950 15968 16005 16012 16024 16029 16065 16089 16114 16128 16138 16139 16165 16194 16195 16196 16228 16230 16246 16290 16334 16340 16366 16422 16517 16525 16541 16594 16675 16739 16790 16806 16815 16816 16831 16873 16879 16926 16945 16947 16967 17031 17128 17156 17173 17217 17232 17255 17273 17339 17342 17356 17358 17364 17366 17404 17418 17477 17489 17533 17542 17561 17580 17624 17637 17659 17687 17693 17743 17745 17773 17778 17785 17786 17811 17827 17837 17892 17932 17939 17946 17949 17956 17960 
	}
	weather={
	}
}
