
strategic_region={
	id=176
	name="STRATEGICREGION_176"
	provinces={
		10398 10436 10480 10485 10486 10495 10508 10513 10517 10520 10543 10579 10617 10634 10653 10701 10712 10719 10726 10732 10791 10794 10814 10854 10878 10897 10939 10940 10943 10973 10979 10991 11013 11040 11093 11116 11121 11131 11136 11137 11157 11164 11229 11341 11348 11349 11359 11441 11506 11519 11521 11577 11581 11582 11600 11632 11648 11649 11655 11665 11702 11744 11816 11820 11825 11839 11903 11913 11920 12008 12012 12037 12058 12081 12131 12143 12157 12158 12159 12190 12191 12193 12194 12209 12215 12220 12296 12310 12322 12324 12338 12381 12409 12414 12426 12437 12454 12543 12555 12573 12588 12634 12644 12663 12678 12689 12761 12784 12805 12809 12822 12846 12848 12909 12938 12957 12974 13028 13093 13098 13099 13116 13117 13142 13149 13163 13192 13232 13268 13277 13288 13300 13302 13334 13364 13405 13439 13448 13468 13496 13520 13530 13550 13597 13606 13617 13652 13655 13687 13690 13718 13725 13755 13758 13759 13778 13783 13787 13795 13828 13849 13853 13938 13941 13950 13978 13991 14010 14018 14044 14069 14084 14110 14119 14133 14144 14159 14163 14167 14169 14187 14221 14223 14230 14271 14283 14382 14393 14414 14417 14425 14441 14444 14452 14453 14471 14497 14520 14544 14569 14577 14590 14609 14701 14703 14708 14718 14729 14749 14759 14760 14793 14799 14801 14810 14825 14827 14835 14839 14870 14877 14940 14975 14976 14978 14991 14993 15005 15016 15021 15028 15031 15122 15130 15159 15192 15226 15233 15264 15301 15302 15313 15331 15341 15372 15382 15401 15403 15452 15484 15494 15527 15546 15629 15645 15653 15658 15670 15678 15695 15703 15714 15718 15725 15727 15741 15772 15786 15787 15826 15835 15842 15851 15870 15873 15935 15941 15947 15992 16004 16009 16036 16046 16052 16069 16076 16081 16086 16099 16129 16132 16145 16147 16159 16161 16172 16187 16191 16239 16268 16274 16284 16306 16313 16342 16353 16364 16378 16379 16390 16391 16404 16428 16432 16438 16451 16453 16464 16467 16486 16497 16527 16528 16536 16608 16625 16628 16645 16656 16671 16673 16697 16728 16732 16747 16748 16767 16769 16772 16788 16800 16809 16821 16834 16836 16838 16875 16887 16910 16921 16938 16953 16959 16984 16997 17022 17027 17044 17071 17096 17104 17111 17127 17161 17184 17192 17200 17213 17228 17233 17245 17267 17271 17317 17328 17331 17350 17376 17410 17426 17432 17434 17446 17461 17466 17471 17475 17476 17490 17503 17510 17536 17545 17556 17567 17579 17596 17605 17628 17630 17632 17780 17804 17828 17835 17848 17854 17925 17937 17947 
	}
	weather={
	}
}
