
strategic_region={
	id=177
	name="STRATEGICREGION_177"
	provinces={
		10426 10427 10489 10512 10518 10539 10592 10828 10840 10898 10900 10937 10992 11027 11130 11293 11302 11724 11786 11822 12122 12185 12318 12574 12590 12618 12716 13166 13305 13335 13341 13365 13381 13515 13534 13736 13927 13946 13988 14148 14236 14281 14308 14348 14375 14522 14536 14603 14625 14646 14652 14731 14792 14858 14916 15037 15149 15156 15516 15524 15624 15640 15651 15746 15923 16040 16262 16413 16454 16654 16679 16699 16744 16805 16844 16868 16907 16991 17077 17242 17281 17300 17368 17377 17485 17492 17518 17531 17552 17655 17717 17813 17901 17904 
	}
	weather={
	}
}
