
strategic_region={
	id=178
	name="STRATEGICREGION_178"
	provinces={
		10408 10418 10444 10462 10502 10507 10585 10641 10644 10655 10664 10665 10666 10674 10731 10734 10741 10762 10773 10790 10797 10820 10846 10860 10887 10907 10933 10945 10954 10966 10967 10980 11005 11007 11012 11014 11025 11037 11092 11120 11125 11178 11197 11201 11212 11236 11251 11267 11279 11284 11285 11288 11343 11361 11370 11386 11387 11395 11430 11446 11474 11535 11559 11579 11595 11612 11623 11627 11643 11672 11679 11734 11748 11769 11784 11814 11817 11821 11829 11850 11851 11852 11880 11884 11897 11904 11911 11933 11938 11989 11990 11994 12002 12032 12035 12038 12039 12040 12078 12102 12147 12160 12184 12234 12269 12275 12330 12331 12358 12399 12403 12466 12486 12487 12492 12497 12502 12518 12548 12549 12554 12556 12567 12585 12596 12648 12671 12688 12697 12706 12756 12757 12771 12793 12837 12852 12853 12855 12890 12915 12916 12964 12967 12988 13026 13073 13145 13168 13181 13185 13188 13225 13304 13346 13350 13367 13370 13377 13410 13455 13478 13487 13507 13572 13605 13623 13645 13650 13664 13689 13700 13704 13716 13734 13744 13766 13767 13776 13800 13811 13833 13848 13863 13864 13884 13886 13889 13893 13895 13915 13928 13968 13983 13989 14002 14026 14041 14049 14083 14107 14158 14165 14174 14204 14237 14249 14250 14311 14323 14364 14379 14385 14419 14420 14422 14429 14458 14467 14483 14503 14512 14514 14519 14539 14573 14587 14599 14600 14608 14616 14635 14653 14681 14682 14688 14705 14716 14723 14744 14747 14766 14781 14797 14805 14837 14842 14865 14881 14922 14925 14931 14938 14944 14945 14967 14984 15009 15024 15040 15045 15053 15075 15076 15114 15116 15123 15138 15153 15154 15165 15171 15210 15235 15242 15249 15272 15299 15314 15315 15335 15336 15346 15390 15420 15443 15444 15464 15488 15491 15492 15504 15549 15560 15561 15588 15627 15652 15664 15682 15687 15693 15696 15713 15750 15762 15789 15812 15813 15844 15848 15856 15886 15890 15892 15922 15931 16011 16042 16043 16077 16084 16098 16117 16158 16170 16179 16183 16193 16197 16207 16219 16238 16253 16285 16286 16309 16317 16318 16330 16363 16385 16408 16441 16443 16491 16498 16504 16516 16518 16550 16562 16574 16622 16662 16670 16678 16682 16698 16714 16722 16745 16757 16773 16786 16801 16819 16829 16840 16848 16857 16874 16882 16883 16893 16915 16920 16933 16934 16958 16962 16973 17013 17015 17019 17038 17041 17053 17065 17081 17095 17131 17132 17186 17210 17212 17227 17249 17256 17257 17314 17343 17348 17414 17419 17462 17493 17523 17529 17570 17577 17597 17641 17657 17663 17673 17728 17748 17769 17782 17801 17842 17847 17858 17859 17879 17905 17918 17926 17950 
	}
	weather={
	}
}
