
strategic_region={
	id=179
	name="STRATEGICREGION_179"
	provinces={
		10405 10432 10443 10464 10528 10544 10568 10573 10580 10621 10632 10633 10645 10695 10703 10750 10785 10812 10822 10835 10865 10874 10875 10904 10908 10929 10952 10955 11042 11078 11159 11180 11199 11321 11322 11334 11337 11388 11393 11431 11444 11575 11578 11631 11633 11691 11706 11735 11757 11779 11787 11789 11802 11882 11883 12036 12047 12104 12121 12145 12167 12283 12347 12361 12387 12404 12418 12447 12455 12480 12484 12490 12506 12516 12552 12558 12568 12616 12637 12653 12666 12675 12676 12755 12812 12859 12877 12888 12945 12952 12958 13037 13038 13057 13076 13108 13172 13227 13240 13260 13295 13323 13331 13333 13389 13407 13423 13432 13441 13472 13475 13482 13488 13590 13646 13653 13654 13684 13727 13775 13781 13816 13817 13834 13899 13926 13936 13942 13945 14020 14053 14063 14078 14101 14128 14173 14176 14224 14350 14405 14521 14530 14535 14561 14627 14657 14669 14706 14728 14730 14754 14773 14817 14818 14864 14904 14909 14911 14926 14928 14950 14970 14980 15027 15074 15119 15120 15129 15200 15228 15263 15273 15286 15350 15357 15380 15383 15392 15402 15414 15449 15454 15478 15481 15482 15510 15522 15530 15566 15611 15618 15641 15661 15748 15769 15834 15872 15877 15882 15895 15907 16003 16087 16116 16137 16148 16205 16215 16248 16297 16354 16375 16383 16384 16417 16556 16569 16572 16592 16601 16681 16703 16764 16846 16858 16864 16881 16919 16994 17007 17008 17017 17051 17093 17097 17133 17148 17199 17215 17276 17283 17321 17338 17375 17379 17407 17463 17481 17535 17588 17611 17653 17675 17730 17747 17752 17794 17812 17829 17830 17862 17898 17921 17928 17942 
	}
	weather={
	}
}
