
strategic_region={
	id=180
	name="STRATEGICREGION_180"
	provinces={
		10375 10413 10456 10547 10551 10556 10567 10591 10594 10598 10605 10624 10628 10682 10686 10709 10720 10752 10813 10857 10870 10872 10903 10949 10970 10985 11019 11032 11059 11066 11095 11099 11103 11119 11126 11138 11140 11145 11225 11241 11249 11299 11325 11336 11398 11445 11538 11540 11551 11561 11586 11587 11601 11604 11616 11617 11638 11673 11699 11768 11785 11793 11795 11815 11910 11915 11930 11957 11964 11984 12015 12018 12041 12063 12065 12115 12156 12176 12189 12232 12261 12265 12282 12292 12390 12413 12459 12462 12483 12491 12546 12622 12694 12768 12820 12885 12898 12929 13003 13046 13056 13058 13068 13079 13088 13089 13104 13111 13122 13135 13143 13153 13169 13174 13189 13303 13314 13325 13340 13430 13494 13518 13538 13545 13659 13726 13733 13777 13798 13801 13803 13846 13851 13873 13955 13986 14015 14017 14034 14079 14098 14102 14134 14147 14168 14211 14252 14280 14302 14310 14319 14329 14332 14349 14433 14486 14488 14517 14524 14547 14549 14626 14649 14686 14722 14742 14775 14796 14806 14822 14862 14879 14891 14896 14901 14923 14927 14943 14948 14985 14996 15011 15036 15046 15047 15068 15078 15099 15121 15132 15135 15177 15201 15245 15248 15256 15285 15300 15303 15352 15365 15381 15421 15431 15437 15438 15457 15465 15468 15499 15568 15600 15626 15663 15665 15667 15701 15731 15749 15753 15766 15801 15817 15823 15829 15868 15903 15937 15986 15994 16014 16015 16021 16044 16067 16070 16074 16078 16097 16102 16103 16104 16107 16111 16144 16156 16163 16176 16283 16357 16359 16388 16389 16407 16415 16427 16434 16457 16472 16479 16487 16493 16515 16552 16605 16607 16609 16618 16649 16668 16713 16716 16735 16737 16738 16746 16759 16911 16927 16971 17004 17036 17047 17056 17064 17102 17103 17106 17118 17121 17179 17180 17188 17203 17204 17219 17231 17252 17259 17261 17304 17316 17318 17326 17329 17341 17357 17411 17413 17488 17491 17508 17532 17553 17583 17591 17635 17636 17664 17665 17672 17707 17718 17783 17790 17799 17808 17825 17866 17886 17903 17906 17916 17930 17948 17961 
	}
	weather={
	}
}
