
strategic_region={
	id=20
	name="STRATEGICREGION_20"
	provinces={
		10401 10406 10416 10424 10429 10589 10738 10739 10775 10883 10928 11183 11351 11358 11401 11450 11470 11620 11762 12241 12295 12610 12649 12725 12875 12996 13013 13080 13107 13398 13442 13560 13715 13717 13769 13782 13837 13932 13999 14043 14059 14215 14238 14316 14596 14607 14736 15077 15157 15214 15270 15343 15369 15545 15569 15606 15625 15672 15673 15790 15797 15850 15855 15949 15951 16045 16303 16316 16349 16350 16455 16490 16547 16606 16661 16691 16692 16843 16908 16944 17076 17087 17274 17309 17534 17650 17684 17919 17935 
	}
	weather={
	}
}
