
strategic_region={
	id=21
	name="STRATEGICREGION_21"
	provinces={
		10438 10450 10761 10892 10893 10894 10895 10921 10993 11008 11239 11268 11471 11566 12056 12354 12517 12561 12562 12704 12937 12956 13095 13096 13140 13152 13165 13546 13551 13552 13581 13731 13737 13796 13921 13971 14039 14145 14403 14496 14614 14697 14700 14740 14824 15006 15041 15274 15320 15487 15675 15881 15938 16335 16377 16463 16534 16535 16639 16685 16707 16719 16736 16922 16988 17137 17598 17648 17912 
	}
	weather={
	}
}
