
strategic_region={
	id=22
	name="STRATEGICREGION_22"
	provinces={
		10400 10453 10469 10541 10542 10705 10953 11010 11011 11339 11526 11527 11528 11529 11530 11531 11703 11705 12079 12098 12168 12341 12535 12536 12537 12538 12569 12639 12645 12674 12787 12832 12833 12834 12835 12995 13133 13194 13280 13281 13490 13502 13660 13661 14000 14200 14205 14248 14369 14399 14476 15147 15173 15238 15477 15617 15849 15915 15933 16022 16208 16287 16288 16374 16420 16573 16584 16793 16851 17177 17263 17378 17392 17425 17469 17472 17511 17521 17607 17609 
	}
	weather={
	}
}
