
strategic_region={
	id=23
	name="STRATEGICREGION_23"
	provinces={
		10407 10451 10725 10911 10917 10918 10919 10950 10972 11077 11380 11707 11958 11961 11986 12028 12051 12052 12053 12316 12620 12751 12923 12941 13032 13207 13224 13383 13443 13456 13473 13492 13615 13616 13992 13993 14012 14032 14226 14279 14286 14692 14753 14795 14930 14951 15008 15103 15559 15690 15700 15808 15852 15991 16026 16113 16133 16146 16249 16250 16398 16418 16589 16826 16841 16872 16914 17355 17421 17429 17551 17560 17642 17767 17857 
	}
	weather={
	}
}
