
strategic_region={
	id=92
	name="STRATEGICREGION_92"
	provinces={
		10623 10643 10837 10866 11062 11310 11335 11420 11568 11745 11804 11824 12564 12714 12947 13055 13101 13215 13216 13310 13368 13431 13460 13517 13637 13638 13866 13874 13964 14088 14114 14210 14265 14325 14376 14475 14481 14493 14508 14893 14897 15018 15144 15178 15521 15635 15679 15743 15977 16164 16256 16483 16506 16756 16796 16861 17049 17052 17059 17146 17243 17278 17436 17590 17712 17713 17722 17725 17815 17907 
	}
	weather={
	}
}
