
state={
	id=388
	name="STATE_388"

	history={
		owner = SAT
		buildings = {

		}
		add_core_of = SAT
		victory_points = {
			8426 50 
		}

	}

	provinces={
		934 935 936 937 938 942 948 949 950 1041 1042 1043 1044 1045 1046 1047 1048 1049 1050 1051 1054 3149 3629 4460 4461 5236 5237 5238 5239 5240 5355 5359 5513 6447 6448 6449 6450 6452 6740 6772 6773 6774 6775 7055 7063 7069 7397 7533 7534 7535 7580 7841 7842 7843 7972 7973 7974 7975 8015 8134 8242 8423 8424 8425 8426 8427 8491 8492 8814 8971 9174 9205 9288 9320 9602 9661 9865 9894 9922 9923 10014 
	}
	manpower=0
	buildings_max_level_factor=1.000
}
